1226
2660
546
1760
1987
1576
2487
2235
1467
995
390
1416
1448
2530
2659
1446
2489
733
68
45
168
109
2289
1028
1479
1684
2997
1716
14
319
2245
947
492
1942
577
1528
713
1702
1455
1299
1752
1951
869
2284
2639
1336
2246
99
1557
1033
913
1562
1761
90
385
2323
25
2504
890
2485
75
2178
2538
366
972
1894
561
722
257
1365
2780
2026
1627
1441
2846
1787
601
1948
1153
405
770
2965
1892
1384
1164
580
2444
2477
2382
1140
846
2941
2994
538
684
2879
673
1924
555
2692
2653
527
689
2331
2314
699
2407
2992
600
969
2075
2009
1009
2938
1639
344
1461
2366
979
630
150
2534
318
2081
1040
2202
2647
2248
2821
674
939
819
1663
1163
918
1049
1812
1298
1096
1442
351
2926
53
2699
1424
358
610
2273
884
2518
1062
209
1596
217
2920
2439
683
418
2690
659
263
1790
2610
2609
1244
1056
1936
2179
734
992
2243
102
910
2337
2623
1874
2182
2561
2302
799
681
101
1199
772
422
2686
661
2743
1624
1389
1919
1893
2393
2492
746
1889
1904
2440
246
2849
1898
749
2854
2886
228
666
2816
1154
579
2536
2988
1281
2786
1676
1090
1432
308
1064
323
1356
2093
784
278
1685
2263
842
2000
2204
1665
507
192
1438
702
394
821
1881
2381
1937
1344
1481
2223
1324
1266
2945
1302
276
1508
1227
1591
2763
233
944
1935
411
1257
2781
225
1791
2603
2533
2228
404
397
33
2970
222
1055
2510
2192
730
963
1956
2391
255
1959
2713
1648
71
2629
695
1917
396
312
2785
766
2010
2294
567
2173
1947
94
1222
2049
330
221
2346
316
438
430
633
1929
864
2491
2968
942
1197
2506
1261
2205
671
1913
440
1258
1105
1408
2172
1727
911
2867
2923
990
41
2463
905
1459
111
1548
2375
1354
184
925
1337
1160
2726
1583
300
2120
2420
843
2508
1964
1762
5
2065
2870
686
1862
183
2469
2074
626
1377
2887
744
873
2094
2549
1399
2199
288
200
796
2724
2162
1011
1654
2974
1395
533
521
1844
1617
266
151
966
2358
1136
2467
10
383
2112
791
719
2038
2493
1692
214
605
1224
2806
197
375
501
1240
570
894
1611
1086
131
1019
832
1383
2969
2464
2981
1059
1860
2021
393
1984
2577
47
1280
2822
1733
272
1168
1776
2134
1342
805
976
2897
1490
1979
2050
2999
1146
1471
1125
1982
2169
1946
2051
392
2161
2462
63
2023
2496
664
2372
2898
1629
709
2495
1887
487
2856
1753
1171
1535
1598
2080
741
2888
1605
998
2524
2224
609
2638
40
1962
2595
1666
2122
803
1645
859
1619
2902
1394
2150
398
1547
1430
625
1265
106
11
679
777
1792
164
2664
1276
57
387
2288
220
2163
788
2295
1817
2313
2193
2144
152
1308
2102
729
2727
1821
2955
1241
2408
2209
349
2861
2194
1167
2509
2013
589
2473
2772
1388
2123
331
717
2741
2651
2824
2332
1912
1644
1715
201
241
340
2356
891
929
299
2954
290
2449
193
2918
815
1876
898
242
2802
1338
132
1026
1863
508
828
1669
1304
1807
247
2168
2957
2340
1340
81
2374
1273
2826
937
1541
2586
2757
2242
810
720
1225
2523
494
551
1128
284
2768
622
1077
2674
1540
160
2287
2895
1306
1818
2437
64
203
2967
762
514
2904
21
488
2471
631
2798
2958
320
594
205
1372
2268
2387
795
335
1996
1895
1131
1290
2232
343
1940
282
2183
140
175
1994
44
515
1268
2222
1865
2401
2264
637
1516
352
639
243
1370
2475
1233
735
1475
1834
1672
607
1519
2396
807
1538
2884
2369
1036
1664
3
1621
1773
1423
83
2027
2616
2497
2015
1343
2247
1497
2800
2312
1966
1827
2104
2315
116
1156
1024
365
2111
254
2910
1703
1592
849
1604
2697
1443
2457
1166
2756
2878
61
635
547
2280
2793
1466
298
804
2454
2244
1749
1421
2989
529
2838
2662
2794
1379
621
1524
1191
1252
1797
518
927
655
1920
1536
2290
1737
616
80
1537
2225
2942
433
2627
1561
2258
466
7
2296
2316
1313
304
2433
986
2441
2140
2641
31
2442
583
66
1352
1012
1034
1010
1410
965
2944
470
1622
838
482
2361
1820
2911
694
2557
2973
437
1878
261
649
974
1325
955
2044
124
564
1642
2011
1405
534
92
590
2860
2476
775
2605
994
2511
2751
412
575
1245
2251
15
2136
870
985
2914
743
425
2196
738
1259
2815
239
2998
628
1468
1464
310
1398
429
2529
264
2663
2980
1974
1579
250
292
1568
879
678
1610
2560
1132
283
1058
552
2748
495
431
1311
1916
1286
287
563
1514
2514
2738
871
1848
2711
1809
1453
147
1287
1185
2424
1321
1358
1079
91
1493
904
1723
2753
1785
2611
1112
1385
1017
384
1585
1907
2620
227
2922
1758
2747
207
1134
1434
447
1551
286
2311
2135
1212
13
16
2695
1515
289
2034
210
865
1714
2630
103
2853
1216
2658
2108
2517
1620
2018
2525
1332
1296
1214
1124
2871
1300
2190
2845
1004
2934
921
1190
2842
2350
812
1630
737
2526
187
1407
1478
1623
1328
93
669
1116
2598
1074
1843
2231
2453
2103
560
2347
1976
822
1357
1513
1588
334
2703
2705
2929
309
135
861
1462
755
1283
2118
2640
826
1274
191
2167
544
1250
1327
756
1593
48
1236
338
2319
177
1353
1412
2217
1782
256
1374
1186
901
1833
1826
436
1721
1081
888
1977
1554
2406
2061
1643
2089
2164
2896
2390
2668
1376
1533
1437
2291
303
1242
419
2265
663
656
2114
571
2377
964
731
520
1517
2024
1092
2333
1170
1175
928
1566
2545
268
1102
2252
2415
2185
1594
1104
1184
2076
269
165
2790
1000
204
2696
1522
1661
2592
1503
104
2880
2129
2670
983
372
2101
2086
585
1986
2218
1323
2729
1819
568
253
469
2088
2212
