2076
2362
1930
1537
1315
743
2980
169
2357
648
901
1714
1792
1099
2910
2474
877
2011
2894
2296
2428
840
453
1592
2820
2333
2372
2876
2950
1939
1004
2932
1865
2742
174
1270
1804
465
2202
974
2196
1156
2779
311
80
2681
235
2058
2915
699
164
1135
2745
1712
2808
1583
736
2947
2123
2662
1461
2719
1117
1911
1677
2677
2400
1682
867
417
1944
1347
715
1896
1831
2717
918
1923
835
1570
110
2144
1569
200
742
1734
45
908
1632
806
472
2964
1965
320
2022
952
1326
425
1799
2047
2819
2034
1863
470
2260
1310
2234
2985
379
1015
2455
1390
611
523
1967
1784
1032
369
895
882
2021
1298
1963
1667
1647
1756
1513
1652
285
1788
314
1764
1252
1379
1490
1473
2140
2698
1020
834
921
1231
1742
1043
1402
1157
2440
456
812
447
711
1730
2635
1369
946
1152
1766
2504
2198
943
2314
906
2990
2465
1854
2759
1776
1260
1862
1316
1064
1003
2883
2807
907
1103
145
2165
539
1457
591
2730
1885
322
1802
2451
1699
1245
763
710
1294
1175
2545
2783
0
1069
2922
2182
1235
776
801
2207
475
1696
1444
2426
1348
189
2209
1424
1038
2627
2108
2821
2654
299
2564
1126
87
1541
2181
2863
2812
103
1240
2616
1998
1421
1086
131
2462
1557
2875
816
2525
1559
44
2925
99
1561
1563
127
2707
1785
1202
2587
2674
2552
861
1321
2659
2582
261
2580
622
147
2448
620
263
336
2519
1323
2049
1875
1847
41
2068
403
1115
2515
143
2602
2309
37
984
116
2394
2691
2135
1511
2785
182
1735
2419
2902
1908
2961
1413
1551
1988
1211
1471
1498
38
1406
2325
1674
1581
1407
1189
1074
313
2098
679
1225
2762
2997
2444
1626
1695
983
183
686
2048
2350
2311
1732
900
1456
40
1578
236
505
1026
1358
480
1629
1554
92
1748
1151
1053
432
1365
2289
1163
2854
438
151
2201
960
758
2404
1111
535
129
2502
2559
376
2617
1586
1753
217
300
2363
1024
533
769
204
2464
975
2506
2480
2343
2454
1512
2111
1620
1097
872
2236
2166
350
458
681
2949
1768
1149
266
985
739
2607
2247
2463
2107
2080
132
2227
1434
2734
2676
378
343
1980
1159
2592
2024
2298
670
150
1216
2160
1751
2903
1223
60
2708
84
890
1182
542
1448
1325
1594
1271
2331
2062
2710
676
2081
2460
1299
1301
1098
2824
2647
2700
1479
768
1857
1691
2016
724
1138
1146
2551
2983
1660
1687
325
2086
2796
2399
1475
576
1255
268
2572
902
42
2041
1285
1356
1750
1900
123
1838
2382
2327
2069
1500
2583
1941
2892
2797
2649
1791
832
1410
2704
2486
1926
3
2235
398
2966
862
348
2127
2365
2264
17
798
723
197
638
615
1133
2335
1224
43
1041
2936
82
1132
578
678
568
220
1973
2577
1952
2175
264
1068
1884
1726
2597
28
1317
1724
211
1897
894
2245
2889
559
598
1653
1123
91
1976
2099
933
893
2832
275
2347
2573
1670
1574
128
546
2738
1850
701
585
837
1601
2405
341
2969
2555
2085
1974
1435
2446
2381
1268
2848
773
2488
65
889
1102
2215
334
1937
761
365
1084
553
90
2093
1600
1443
733
811
2930
2977
2117
271
223
729
600
8
88
2619
2767
501
1436
926
2374
2124
2741
2605
2965
216
1902
1517
909
2066
137
595
157
442
2686
2482
643
297
2185
2927
1602
2987
196
439
2509
2755
1078
1833
205
2409
2060
2115
2753
171
241
625
338
866
640
1668
794
660
2339
1540
1350
959
2952
2929
536
2666
2015
962
1400
215
391
1449
2356
2535
1778
2723
898
2937
793
754
2939
2511
321
89
1719
2957
2530
1179
2540
1789
21
407
165
987
870
298
623
2059
514
1821
673
2328
1333
2200
1233
1556
2992
2668
564
2625
627
2861
2630
1597
2477
2852
1635
2828
430
2290
135
1263
1542
1217
2804
2585
575
848
2336
2839
846
986
2138
2447
2221
2157
2261
2057
499
1782
1516
1893
1054
654
1423
1375
854
2103
1446
2620
2569
1641
2475
1722
2373
2634
2972
1023
2803
2690
1834
2194
703
1106
850
2713
809
1164
2310
54
1708
1825
579
1571
1090
720
502
399
2053
1577
2503
345
1460
1717
1488
1580
2450
2305
435
2835
1382
547
2841
1342
255
1332
1822
2810
2237
994
2256
563
2425
746
175
1672
925
1706
661
802
1483
2278
1972
730
2280
939
1809
1338
2951
125
1501
1575
1139
1639
418
1932
2489
11
1006
2840
2791
1478
594
385
1022
2118
2817
316
2589
240
1080
2818
1907
2847
1688
1055
1868
851
2073
1017
1167
2608
2768
482
2956
2914
1262
1880
2078
2435
996
555
2106
1811
1627
1590
2197
2143
751
2219
1927
170
1777
2537
2993
1088
2120
1524
2216
2008
2410
1107
1016
1442
387
574
1417
2836
2578
1196
428
572
2853
1195
698
16
1408
2971
2412
1114
747
2661
1011
1978
1522
2896
2417
23
2701
2043
786
1290
332
1638
488
778
941
2798
2501
2792
2006
424
953
1367
2249
1221
1280
352
133
2945
1610
915
2802
107
1940
2204
2645
14
2495
1324
1508
1741
302
276
2684
652
317
2923
1942
96
2641
2376
762
2629
2740
119
2868
1539
13
1044
10
966
1081
111
1049
328
2349
606
688
2963
527
2384
2825
1071
694
395
1486
2524
253
534
1300
1909
1036
2543
1200
2886
2739
2390
2958
2500
2699
566
2773
521
2095
71
1229
2633
2291
114
1970
2039
1913
2780
1495
33
414
1385
2437
1309
1830
2756
1533
2492
2725
1866
583
2546
618
1765
284
651
2687
1161
1955
252
2276
188
2636
2814
820
1572
214
2188
910
1035
2345
2851
1210
2142
2968
1745
1887
634
843
467
2312
506
2907
1445
2297
2091
973
1387
1607
1769
459
803
