10260
63384
79681
12017
52368
82401
94051
15602
58530
16807
50227
5638
7589
32298
46513
49669
64207
3703
29945
62071
13015
67315
67123
70490
91993
33357
26003
7822
26338
61175
19373
3175
84469
44611
18680
17063
24874
79034
14634
90204
6131
12188
56349
73935
27068
25311
67157
42632
917
89723
24931
75351
7099
70585
27336
96194
62805
53305
49908
31578
26643
62577
35768
66357
75961
24678
96344
85951
35235
15860
46903
2781
79995
17597
60755
90792
51449
77728
5672
443
10048
49600
22117
20000
44540
20872
99400
85101
33798
8901
26639
60364
47137
7705
8178
20706
13570
97452
12911
55484
51657
36373
59628
46660
51475
14789
91618
12685
33140
88664
5239
409
9659
29844
95824
57155
75513
29379
58145
23174
63641
29125
14440
22785
60675
24512
37330
46687
35822
20769
9182
31873
52406
9041
96497
72191
2877
10827
3889
75983
99837
24951
51435
42754
14043
16293
65475
59179
44920
93684
2662
82885
42345
90096
68507
84885
50109
31948
1519
12445
97708
64690
42165
45142
32144
76289
74958
21140
84115
35972
35695
81944
12507
45083
12560
63506
59211
92986
96481
61684
75676
85032
16304
49239
33065
91274
50608
21092
41462
3922
49982
42269
49029
68178
55770
10375
67975
16316
95520
68826
3157
13433
92708
48023
75635
41887
64536
8503
85277
49487
77318
90815
95354
55409
69570
98603
79206
871
13575
17388
70530
90955
23248
6833
16425
20564
3251
89807
67487
77187
22726
90612
27627
10777
34382
12360
42828
2864
49268
33513
48571
23156
46156
36219
64816
12590
42726
64227
11045
82312
93405
40956
11563
9245
91730
56103
64432
59696
48225
81906
38077
20410
38965
15875
76236
22745
24698
48892
83505
22953
40191
8013
71561
38751
32969
29942
25684
52487
43415
5024
12553
96525
2359
27611
92312
84531
86211
78706
23228
32059
79400
45704
54388
28556
60763
22583
30327
7030
42273
36926
20798
13121
67502
60153
93699
46890
52167
79294
1087
73539
99559
66186
81353
16390
46215
44340
48839
70277
49931
40160
17283
53064
48144
9767
11534
38612
95027
65713
13222
79825
18426
61359
92441
39266
96030
63451
26547
77408
1803
73422
15372
2521
77793
15814
27372
33986
4034
40850
86505
63601
80863
91826
33000
66180
692
70692
22310
91532
65867
32115
3453
40448
94837
4415
72977
21445
57524
73060
25258
75026
83791
27582
31038
98393
59842
43579
60517
4119
26889
77798
88623
75412
31074
71405
23908
63373
59699
33392
95674
93909
17572
21206
18715
54414
81622
49887
94221
23471
47028
60040
42156
38415
45926
87805
64943
89105
39949
84509
12192
92225
67276
23783
62558
98084
58128
34644
51891
44856
41689
74943
51593
90988
45099
30828
64540
7804
69669
2812
21428
56233
12983
66162
86747
41469
90434
65638
92807
31615
13812
48096
69980
97806
46257
91592
84049
3707
91285
36721
43200
91546
13228
61876
89146
20910
49
91232
35725
42458
17046
76134
77981
19715
20664
80498
61600
38815
26849
69248
74593
94926
72721
28529
40797
72273
32970
65886
21740
66120
72931
8551
3514
60346
13719
11461
96952
31361
94469
36577
2079
27450
48786
50624
59980
65165
51216
81763
96735
30885
15186
38284
84412
70353
33050
40196
95081
16392
4965
81741
75685
76259
26533
12450
44140
67641
70126
17710
44393
23435
63744
87885
55148
16877
20185
32608
2974
54792
15709
28102
10504
97104
32906
18497
19891
95700
42548
97443
82590
99802
28955
77745
69067
66858
56885
48827
43429
27142
13029
94668
10224
8150
97777
52546
81600
70101
74709
96911
83160
89391
86869
53971
91930
70498
78519
32361
62377
10714
56435
63779
21125
44229
67922
29933
15858
98337
81245
47740
54952
36545
50888
28954
83236
4706
29830
6750
27169
92932
30441
84046
30474
3346
54506
57159
6861
21477
67562
11466
12956
80124
30935
88782
14666
36032
45405
43774
2615
52088
73213
15872
73165
9438
1431
50565
36792
72390
32572
23623
67678
41111
75653
26658
97681
60693
90014
12965
47711
27868
94561
56319
41776
87157
35837
88071
29898
8802
3726
34627
82711
61901
18097
13762
94978
29405
14423
54726
26018
11747
32859
86977
65289
75749
29591
58748
27981
72119
22568
53148
45766
94375
82006
99013
18343
88769
91602
39951
72645
46456
17105
74933
53118
71621
66118
92481
76503
4132
20732
75750
7479
51821
65817
41302
34204
78986
86453
54646
83588
41170
27190
72777
51769
67015
19365
62893
63168
9257
69600
25865
21365
61014
65552
21652
39218
33763
55348
48938
7014
2007
65683
98115
7403
79003
96098
41055
55072
756
47945
6284
37060
18926
22421
71121
42727
16162
68471
37783
30059
43183
79623
90720
6419
86020
33503
48792
90472
52478
31459
92964
96777
93555
64528
13177
43395
76887
68316
89800
99425
1443
95287
30871
48931
90572
14568
35683
25066
36787
53145
28130
58654
43010
10628
39567
38570
54555
80090
40154
92554
52104
1895
2523
10054
18440
62868
89141
71431
43993
90241
29377
71153
38728
14566
75350
3555
79363
28201
39875
34069
9403
92032
2735
88762
92780
9146
30039
45885
47429
74871
36567
68567
19457
23262
11986
55906
2532
11670
19508
18483
25131
71453
14947
84114
30212
61002
27447
53915
86750
22904
37039
98749
3621
11033
5387
81374
99740
38245
88589
38632
60855
55512
28410
2041
65057
60476
65791
85577
49740
12600
59495
19196
81633
54384
37900
22893
96737
33126
82553
785
21492
1858
25685
17333
37679
23011
14108
153
76039
62117
45711
55119
11409
69901
57501
72553
18114
25841
94671
22002
47870
59264
26033
62970
76010
71269
15048
76239
94325
57287
9529
83763
56491
20590
68314
98970
13047
86702
51737
65685
68213
75772
91262
15334
26325
97294
95594
44959
19024
67625
19303
78606
42136
69796
1853
81995
92013
97077
45416
19463
26354
82209
61599
60559
83261
54609
32095
49085
8042
16961
18256
54839
76262
46165
27230
57047
38765
56734
63103
44182
64296
38389
81685
83454
91047
84995
55087
70426
1409
65458
93765
96655
99888
9713
17770
78959
19626
45794
51684
93597
3492
69021
1759
71213
21198
16460
26447
83300
83035
9927
64719
99576
35432
41495
77203
6879
78088
11269
92085
12651
88889
96603
22624
2006
9835
4430
51412
34658
12567
54962
25000
18409
61569
81332
73561
13593
69221
99926
13197
1533
50371
59391
99489
46970
90604
78642
16461
6669
83036
98107
87010
79273
50518
69401
18891
38660
30914
47430
33168
5127
39434
13590
81216
1768
37831
22728
89828
68336
35797
42453
49126
79907
52756
88015
9736
56383
36992
59263
95032
93441
20527
14459
69917
48000
98329
3431
91767
70432
9431
31619
14923
60480
23487
1131
24843
16850
86916
56894
45486
37819
87014
90631
73932
84814
95664
25382
65278
11786
73860
69679
46285
94849
1489
38786
78717
91444
36921
4017
17085
34346
58422
63108
86126
86608
39575
75156
68974
70906
40896
69072
95237
66055
18204
10074
73133
83784
48545
30785
63514
7574
9841
11349
97179
35257
30202
39815
43995
54139
20677
10824
30125
13539
70014
83376
3202
31211
19216
4483
82402
10045
59404
28269
87687
36716
39381
11271
96591
94778
51921
37324
23842
87741
42449
57633
40475
40856
29368
95337
7727
26963
8268
87361
52217
46472
75491
70335
45791
86313
93293
66604
8411
80925
80276
33040
20638
98352
76849
40539
60261
5979
8818
8742
26679
25654
92455
33797
17914
51617
35523
81241
28196
36221
6053
48722
94096
99842
2466
31380
57991
69467
84630
38253
44497
89094
54541
98334
93076
12459
21329
91434
55110
36455
58200
61905
49437
31860
80838
50730
81757
60236
15882
79091
48448
75795
20804
7748
30123
83391
14779
63677
46699
84307
56158
28156
64035
47507
76648
74045
39650
94526
32419
54080
32616
29410
63156
39716
6543
68226
74019
75059
93965
23289
64380
98748
99616
61023
54394
43173
7738
38680
67114
10706
23098
62289
55023
67213
56773
89633
36690
65826
19031
74580
75778
44271
6593
52604
68020
66024
88597
15831
89124
53990
16932
57673
21442
3561
53119
34508
46159
34019
66117
78254
79227
68571
82854
25785
88520
84571
86059
89458
79859
32329
24283
22489
33880
79848
4627
64895
77426
79574
89612
72188
96496
44756
25505
45167
59874
32687
67777
45493
70484
68987
78914
9485
11921
72841
27888
46911
79241
22112
75335
67761
19171
45133
92895
16573
15820
86929
98582
97005
62286
23757
23897
6927
44701
24002
69281
71388
96533
63164
11452
54157
10348
12834
23777
31050
87461
53544
85323
75166
87752
26293
7802
61389
84204
3615
87288
96983
95609
78474
96275
14650
21289
12858
83098
36276
69944
81221
28045
95864
23376
79192
39802
96085
71528
56536
50785
78049
41964
99139
1105
15884
28122
69451
82521
75010
7683
91410
78535
58116
98547
41345
71235
74074
67029
8931
45403
9004
6360
65078
67895
10656
30062
34948
74086
7178
28926
8077
48804
9260
59727
11290
47009
68434
46324
97211
3364
2257
6709
44722
72187
73946
48652
92454
29664
3937
80708
65471
38544
63923
82895
17206
85050
91269
67325
93889
37127
94949
40138
30590
68318
32128
74008
35236
73287
48423
10987
56164
34500
76466
47844
99950
85890
59589
88326
51736
88674
2420
26981
1066
37415
40933
94858
3028
3546
17860
26456
81052
6199
55517
7068
18898
20908
59305
55983
53515
57628
5303
38769
43611
17993
2258
65222
20688
56838
29363
55107
41344
54695
41948
61749
51434
77489
53198
29383
16698
54912
38675
72345
75058
43404
59901
86524
70115
40456
96505
42265
70733
4648
97521
91903
66115
10884
6698
30160
18457
11008
20963
75847
66150
30508
54664
39529
45588
4202
28985
13450
72849
45681
28174
53819
7800
30392
17147
79054
18832
41750
25633
26630
11248
37603
43673
73556
55788
6074
72979
44630
97302
57668
52991
57669
80956
79450
93241
92318
73819
76894
15085
97315
56441
43267
73546
22020
1182
35887
71349
12051
83451
12220
85791
71158
98157
76830
80364
8533
12943
37017
51027
43358
32771
91847
62273
5925
86901
29188
50505
39444
99226
82769
20428
59649
15526
30424
1925
33696
93436
98889
46145
21617
4863
60970
34503
72902
44698
77591
35349
5870
70196
22795
13793
88153
45952
73256
19443
73704
83691
1445
63462
29862
4239
85324
70132
90818
72380
76573
1595
2225
53753
54216
83612
95111
90991
15774
3505
44343
94428
25134
63894
93175
41881
11968
2679
39825
40919
2403
37978
59238
68684
41291
48055
51903
92585
57319
64844
88809
94508
92860
95657
89695
94212
91487
12648
59120
44851
53541
69419
15918
43474
67076
44403
90810
48211
92902
80222
81294
64120
56242
83215
73328
88176
17422
6662
18054
59270
44111
11451
87509
18040
14685
24059
62752
35948
73008
40966
6668
42505
44508
83489
48190
880
91062
97441
39509
50416
88939
79714
13679
76820
4047
77828
77705
8253
78849
20184
94520
952
23571
62181
60511
43006
16079
50706
19698
63191
69566
3711
62748
70480
98888
76240
57796
40379
32673
49911
46618
63559
9171
69846
3760
39426
44880
58922
24522
72567
75352
44189
8007
80282
60718
33828
66326
47219
6589
51138
50000
95556
62784
56228
53685
93648
66871
25277
15634
35547
61499
16987
82084
90473
64715
16669
80117
89478
44764
91106
64502
95732
47127
31488
7344
53897
83934
26652
13851
35391
22600
98907
49537
71256
62114
65847
64872
6964
91750
31659
19848
28915
66457
78384
91805
34254
64106
78065
24262
35658
38483
90083
45976
18347
68148
31984
11189
73248
14541
4930
17957
74551
27826
94065
28642
17715
11770
19265
95318
81265
8935
99629
34723
13519
93701
35080
50745
44469
95937
45319
52628
54020
46573
5561
24049
61352
96988
70356
18150
96830
24710
36345
64874
98951
45276
50797
72223
28306
72455
15467
57539
91787
84277
59953
20407
87543
5207
41690
25790
26236
82490
34253
25266
88695
40319
50113
40766
35943
51959
56095
73406
74734
19182
12461
91501
92422
89955
94264
63406
36981
24410
83570
19246
76947
24738
83856
43967
96186
51075
83322
32319
5980
51235
9456
1478
9577
16052
36568
40128
58966
63049
20911
82481
63850
42369
83320
89525
83582
94278
93897
26576
17802
98522
99143
90987
22919
16143
61472
2267
85490
69992
26180
27437
26154
41484
40967
17921
45184
64386
43788
89520
45371
21291
16865
54922
64113
71223
26757
79672
83881
22536
62107
70274
27052
83635
7457
60765
77873
10867
95912
70027
6704
17073
61745
33016
18251
63844
88519
70342
83769
84334
17843
42359
95680
24469
73136
28510
45154
91217
45183
50517
78808
15684
86003
80524
68673
18390
61170
20985
80232
17381
24933
80206
28188
46887
68177
7387
48007
14992
24074
5234
6447
57471
5703
66380
96751
68509
27896
89395
62840
93300
513
54265
65610
59523
95627
53793
33371
69418
70764
18364
10293
76235
18586
96754
93515
69753
4259
72698
13074
19113
70711
25873
96264
31843
32596
78488
98679
43392
4174
63484
43164
83571
94974
74735
76193
1036
42609
74194
63535
97587
70960
28441
97960
80322
76803
5424
65358
94462
11321
942
15243
57240
17323
56281
27031
20958
28573
37285
41416
1578
53222
97198
65527
45143
98982
80846
25761
34395
43604
58082
1266
72250
97967
39887
75885
42823
25994
74215
37405
76061
36326
3815
30586
55104
43377
61497
24535
48455
89341
65871
11024
84615
54914
21600
22803
26664
31668
99855
44730
71313
89469
18754
88849
9619
66979
7138
13610
73607
6240
36180
55871
22334
10767
40488
88631
53880
69686
17327
14521
12196
96272
21328
85089
22733
25135
18230
96321
58960
87893
10733
79151
48724
79836
81111
37318
64067
93678
83047
70371
68633
85107
21433
94076
91561
2586
53589
15205
59538
85765
48233
34294
86600
49615
67462
11418
12733
57807
82805
36463
85486
40407
77153
42558
1260
80896
83876
99722
99621
64639
14648
59807
74946
30563
96799
35554
41826
73535
49598
35395
61537
78360
76340
70169
72716
6148
78257
39354
4068
75175
10095
13972
99116
63860
59772
46662
66108
25019
90916
29087
28252
52460
27430
22922
6108
93057
79389
35992
88509
86927
12961
20808
70298
32891
46918
81729
61182
76905
84732
57220
96561
4458
60874
9972
50332
34504
39686
43525
35059
75269
12621
83377
69180
87138
98377
7690
53946
4618
60042
82386
3338
659
91886
17604
60204
34909
71457
52342
38844
81330
12909
91254
23618
28083
73365
29475
63928
43336
60854
16721
72796
9598
57420
21729
8730
63501
31723
17467
74403
57022
76213
71808
76717
56140
91464
72038
9978
27675
56084
12804
97342
65398
98262
1064
30976
24050
61468
52437
92126
2605
69606
60424
77613
53264
74314
48048
35296
23870
51777
21599
63071
77725
46631
36588
1600
37420
28835
67787
14275
45863
89657
22358
43061
93996
47603
29976
55241
13895
32645
64352
39344
71865
63417
89600
82143
90888
25385
28079
96053
60974
36162
1977
67255
2966
48232
5276
82072
20420
55594
26761
58442
70430
89990
44622
19908
46445
15127
63867
76949
71517
85797
87263
63528
59224
24936
22682
25112
35505
85052
49528
95356
95358
46756
18534
81295
41902
47990
97249
740
18049
67588
19429
70837
22291
48050
35937
46624
37953
50685
59673
93808
50845
97149
78889
11676
28363
80299
68361
88761
90637
45068
61755
21334
47919
56733
99149
69277
36529
48977
1185
9109
99757
41127
29314
57048
74141
66125
36433
73231
26198
87419
39085
42818
2818
74383
45071
7180
7591
7910
47909
50529
21435
25939
76516
41173
81283
32437
97366
92796
37036
28992
91190
35507
73995
77167
89629
86559
40315
40254
90166
12981
32338
1708
40752
63137
71650
77011
94513
36860
97329
29667
35583
12896
47459
3635
4956
47872
99884
69574
944
82347
17948
91208
20438
20712
72452
40283
5186
44124
15242
8905
70171
58470
12705
47342
72929
52310
21897
33653
64552
57228
83299
52023
81673
97255
44358
34169
1892
75710
34596
10173
54572
72331
56268
3318
90350
52220
15705
18148
58741
2298
44080
61085
16126
86724
7187
7418
46900
61320
84095
10309
32536
29719
52403
49260
70609
74426
60674
51218
8692
78156
97822
9205
89623
55593
20011
86520
31010
45419
23561
87863
26381
43425
34541
91953
38930
65384
65977
31951
69649
15790
75109
21048
29157
84812
60443
67675
77570
98006
62808
77515
74027
70963
23687
54636
29232
55029
38654
77384
75559
51033
89322
60056
8573
96572
17217
26213
31638
28748
33620
50114
62592
35540
64087
62396
41299
56257
80779
93107
66499
53018
90164
9969
34101
82011
95093
5723
19354
46583
51248
88311
91322
37629
95033
23227
60579
48343
21101
23109
24107
6370
19388
29872
89324
86790
37870
46483
63746
32081
67656
68822
68346
70058
36349
962
11758
94848
28462
13964
98841
31247
21000
34265
5193
56735
44419
57233
89580
99272
53292
40812
28292
5384
8531
23792
95340
42262
33502
52297
44820
95724
48437
68339
37574
60676
97437
28998
49129
53686
49751
76201
930
77124
61486
79058
10621
22914
14893
7522
23955
54853
34821
48505
51685
80867
82701
84919
93910
39931
12098
13749
17297
67038
89987
66066
68110
41451
80844
78299
2343
74718
20115
64198
66964
63669
50083
75920
50620
86523
17289
94448
74866
12627
21766
57556
31468
6771
20721
47490
58
63618
7055
72275
48718
532
89327
76120
74998
30133
95791
59504
35626
57050
13799
42373
23800
46053
54681
8833
15485
98840
25652
44786
47885
62634
49843
85525
22806
93946
23346
74942
5343
23936
8624
96274
61419
1971
84694
11439
91737
35094
93884
27964
19061
28336
71359
84621
67148
96736
98552
25145
79366
69888
43063
12215
72591
76481
27958
70389
31702
42365
46120
33659
53617
15024
74808
9656
86322
69547
3234
37367
53624
58504
71723
86845
94494
370
697
14660
48477
46552
77056
62305
26587
25230
3225
96441
55178
5373
3323
8190
8438
21722
37766
29606
37896
5644
41465
98124
43226
57616
46556
94628
37015
57222
49527
96007
65238
28473
44474
68982
58627
2334
26956
60772
88265
61052
98121
57326
96838
1382
4384
84443
20938
27923
72480
23937
23601
36050
69298
90833
75042
67602
75902
85836
14796
92009
86573
77644
30292
15301
14114
12814
44316
58538
6899
26209
44962
66461
29683
86279
66779
64923
71432
77948
76477
14168
23086
42842
97604
39244
34301
41222
35525
35946
14638
57039
40076
30863
11991
82248
58471
35538
87550
27761
7807
65544
11848
52690
94901
19867
57432
14086
31166
9327
38932
48963
39052
55255
46080
46372
54245
27157
72779
52925
62825
10008
68694
57149
85187
74245
33283
30645
2879
85938
13501
97167
79572
20247
22810
90960
48464
530
68275
56168
16784
94770
48020
53377
52497
67514
265
77920
44291
92787
42975
35587
34175
74436
63689
25587
34039
32117
2237
24862
47887
6150
69623
25692
76138
74461
61485
85582
16188
88635
26480
60295
39145
5004
21685
48897
94266
26669
51448
42340
51765
24382
76746
76319
88456
33197
37308
99527
19745
43963
65661
2576
60842
20313
24804
25931
48608
91145
49818
2233
95460
96531
25209
90109
4182
66316
80233
82334
51498
45317
38528
22638
3910
24129
33141
34444
87242
90197
50472
60984
71348
88620
59082
76155
75415
79542
10441
57920
37189
48585
58967
98041
53984
37876
87450
3483
68772
38921
1174
30003
1405
47968
79040
4495
71764
23158
34777
35179
6920
44077
21825
46289
98433
88952
56875
62020
78714
23454
37024
56902
71766
88211
52904
59272
11614
93460
39334
14613
11951
23064
24296
30745
73772
13945
61521
99696
90304
72194
8271
48691
43718
91491
98988
35463
60570
35981
88918
28380
25003
44733
36045
12697
83387
68455
93072
76042
27607
5848
28833
92886
85505
83880
87527
92059
47732
71392
10212
90626
59853
16356
94057
63723
19222
10311
58228
11963
93033
96386
68761
35696
18769
80798
21622
60249
59362
72684
14067
48220
44233
72536
60658
14457
93582
41353
54712
99700
2188
98065
2724
17285
20042
16926
78074
25523
57356
45448
20913
94600
81233
15533
45778
47334
71298
1624
29281
26494
80771
21732
457
96579
36436
72949
38466
15275
60661
19381
11387
36970
25630
39765
46249
39954
56788
68513
33409
71366
48763
77592
32696
62170
82273
78654
51641
77863
89530
4594
84849
91043
90673
13592
27646
92095
34556
65555
34392
38846
10079
25489
15312
86563
55421
26733
43879
47148
5231
59507
21230
70186
81966
83825
47782
703
51455
88020
66823
5364
90223
4960
31233
99894
19689
51731
33053
81825
34423
90734
71639
98654
78386
99799
79696
62882
82615
8249
14910
26295
44645
53922
65835
20604
94568
61638
80178
88314
81850
48234
85371
40595
2936
92877
38211
20704
44749
41350
34549
67692
79484
86530
98178
12258
31694
90713
26626
25599
9071
30991
26096
17373
57570
92624
40983
88690
75294
52999
67631
80338
30610
88391
18636
47211
12313
30794
69971
76422
29727
12267
71427
63222
34817
35860
61794
97402
85262
22245
30266
82951
41516
41198
86159
37912
1161
96641
21351
56235
48480
26116
56928
74136
7655
6595
82137
73727
18718
31585
71804
82901
87116
92991
30564
97942
14307
13836
91522
19722
95243
23917
49386
84740
59718
76619
203
61565
16084
81336
99017
91314
47053
4983
34197
51461
63741
96749
59661
29995
67482
64524
79089
46589
25202
84220
22086
86974
74869
98922
29396
43503
96698
51373
16341
26561
27686
68207
20518
37580
14432
48008
37237
27649
83465
74525
61487
87081
5612
83907
73433
22563
54476
54902
30637
76113
5272
97239
59060
29249
5537
2217
60898
91083
26126
64827
82800
58316
2278
5997
3914
49863
30812
72847
38013
97353
42019
73243
74349
25006
61076
44787
25968
2827
5624
29286
15607
15815
98752
12476
39035
63037
35773
52728
12136
54417
98477
5875
12565
9325
27307
4536
55296
27591
36769
87237
36446
37898
97642
93971
71239
33853
25604
45918
56797
94559
5549
79376
35445
3756
55670
2208
95499
53419
2717
98814
97862
62132
47023
57118
91233
36
8677
87032
10724
95209
22623
25500
25777
4311
73527
28262
90046
31863
95085
32569
45207
36076
2742
39241
47022
35321
58860
30288
68863
1986
69361
89816
94605
20073
22635
52919
83978
81474
28826
69329
69498
73543
30704
24228
62338
82866
56793
62920
73971
90423
6711
89199
95878
17952
71266
25389
11719
96524
43246
85010
24928
90098
88333
12032
21789
65220
71541
78655
39033
82240
55805
71641
90711
95718
28602
55723
59064
93108
30360
60961
90307
19556
94641
59926
87755
65331
17301
2312
28551
11247
4587
22820
29656
55402
85102
58709
72643
56706
86793
18420
93667
81372
8737
43733
44776
70019
45044
19314
9308
54823
82552
91605
57999
65681
64613
26094
90402
51454
56612
96443
58941
89966
52651
9839
6072
57860
93992
32641
85961
9990
5296
12761
25149
15473
44541
89320
4666
70433
74782
22843
36788
65805
10599
51392
37649
60727
33539
65666
20836
69316
39681
81785
92010
97915
55174
98428
85693
47226
13605
47379
9446
24539
84652
98186
59047
71047
68555
22955
45118
53759
18417
33373
58235
29014
5857
84750
61056
45137
49067
83646
34422
48459
6362
23867
10167
11398
22493
96066
10949
56512
49765
38994
31651
98916
8515
29084
31693
12038
53357
75168
82336
9896
30000
47335
51877
76892
69976
7380
35707
93620
41780
60861
47243
82265
62300
55528
60925
88421
77131
51304
78208
23629
661
56950
18378
74722
29133
20756
25934
21697
22138
62741
29654
88491
41298
98230
98669
14408
16973
30625
18361
23725
3314
61042
37699
72958
16533
76571
51501
53693
69368
24340
36984
78039
99966
69817
87047
30383
4328
32550
45362
26917
56695
10128
71187
15086
89088
46623
51419
25262
5038
72582
4370
52507
40942
59428
3669
29537
90053
12071
70927
14102
6383
32495
48874
29470
8690
38834
96946
54129
12875
35774
66339
71110
51289
23151
68754
38359
51423
33945
86390
71668
87314
91367
37860
15023
91786
13261
75329
92105
61986
18384
56834
21674
93316
37936
53602
56807
49350
78542
77889
20647
83477
586
13781
81139
40586
89107
51048
5496
66710
35579
22014
20170
13310
21862
7340
25776
58203
33543
26872
45197
43986
54469
66051
30852
71585
13917
88686
95785
77909
70201
96060
49355
63177
960
92350
24920
23672
29375
30640
35446
85503
71670
21053
28388
74443
91421
34005
24987
84256
33889
20847
74872
38598
5135
87776
49613
17178
27204
52327
49187
68210
30114
83802
84854
38174
90903
37643
95544
26072
4422
24955
59159
85017
30135
85627
52508
80650
1956
80363
23825
30898
16416
36472
79490
40881
78955
28323
48661
54648
21476
99679
6144
73425
41866
45773
5584
69521
69735
85114
36473
96192
84460
34028
73282
59872
69039
63839
32943
79652
30051
98064
85445
91638
95349
66139
59381
12893
96901
28509
18315
57685
3016
41754
18513
5268
23181
15767
27014
86468
93146
8581
70238
3108
28582
1871
22444
18611
41425
23422
26140
44812
46253
64860
5030
10141
74203
9416
47917
74305
49731
70866
14602
76802
46021
47754
58147
22184
61690
1978
88001
29934
3701
32416
99016
80172
87495
17306
52426
37558
78597
17998
57440
30012
72543
45682
2573
3049
21392
10114
15644
97038
88428
47680
36147
84323
120
62471
71675
81427
27033
11997
31883
7947
12895
13806
32741
35417
50060
31541
51664
45233
66817
54500
63098
65959
59723
72259
88133
91869
85867
46128
94990
78229
27019
96237
41056
33370
32548
97109
39196
40647
78154
3538
19796
24511
11729
63518
31797
84723
39697
36138
72254
47534
2423
28864
44121
55777
52314
2621
7630
14373
81959
58211
83140
18786
11229
69512
1317
30859
49424
41827
77497
31175
73777
31321
97731
99975
37716
85071
82044
2504
89398
98449
73381
4523
8828
15556
78225
50789
38040
35487
16951
14130
10428
47848
41850
55153
78603
4526
16273
46835
90295
66319
75507
76073
94760
44068
170
34858
19073
51762
70809
60417
89432
14203
82328
37977
3773
31923
34613
96229
40790
92716
6706
14441
83578
30689
6099
34761
1988
31113
31768
34183
76958
34436
52727
46262
75764
50639
56132
76089
8929
76335
47432
88359
14555
9694
6028
10600
33173
38144
13499
76441
72359
12170
81066
14166
27343
85049
56368
37553
97464
50064
89275
4985
17535
30708
34615
74009
29089
74987
59079
76410
81892
61767
10691
27795
99783
99974
61957
12001
9544
77643
83932
65088
68667
21691
34310
54301
9090
20701
15845
18972
65561
21500
21338
29645
96489
44107
46444
47112
49499
69287
52326
81492
93655
83348
8430
77593
181
99857
64145
2005
13759
55481
35413
9807
15204
49307
30164
5140
41361
15610
72516
17478
98778
44401
956
81223
29074
34739
52177
35290
10958
63181
64926
45359
84713
41526
10649
30137
31302
45351
88349
69638
97545
84518
42195
17233
45249
36083
74295
91259
26364
43453
69522
73318
35989
48316
91388
39913
11641
23559
441
30636
42708
30930
47570
24101
53101
61761
65918
67682
79507
84000
34684
94436
14154
1419
6236
50578
12838
48231
15070
13538
63320
54021
18686
35038
44418
33944
2878
1690
67991
11486
81803
14896
17139
37105
45618
52017
46458
85575
60686
78077
17853
44261
68493
45764
5028
93163
40836
41309
50674
70946
80726
80037
4547
20790
54940
74125
64585
95490
68407
71135
28986
74836
26184
83075
26860
77451
20058
24106
22572
28356
35511
51050
71702
58190
55362
54524
62080
69013
72462
897
27216
66934
86536
81625
87367
51611
19782
45953
837
67970
81775
27251
82272
89533
42832
35367
6581
53294
25609
17869
87258
79599
31053
92804
11444
58351
40859
65837
66208
4383
28658
73813
40152
74684
59090
40114
67136
96187
52590
36983
46133
68531
78244
73908
8399
5488
5132
87712
20308
78870
19802
90846
22855
51077
8841
30295
37295
33702
6457
77958
75624
39864
15416
65198
53040
77727
33317
97373
41007
97779
33024
34074
83911
70932
29187
2229
76761
39678
93312
28882
23977
98113
28202
81564
39747
35868
86601
69575
99748
3130
8600
21696
90208
10940
13817
29994
94510
52692
99352
88325
63040
82868
80958
86198
43894
61129
5796
89493
94838
20832
95757
96150
1650
18810
84279
32471
7578
51686
5940
53268
68411
289
66053
59414
87962
11659
15812
97418
50969
14450
36086
64274
94733
67375
88972
89362
96971
98353
44560
25358
22468
96143
53635
32691
54487
36380
67420
95065
46907
5866
76174
78970
42879
22693
87600
97577
40116
43841
2505
23716
88513
32566
28351
89753
46978
31678
41447
54885
16891
82150
17571
88027
68693
36858
90257
65
4167
26501
17444
68792
48896
199
37976
93560
26375
71798
710
4859
318
71406
26074
75522
7871
60187
61610
60373
61973
33984
66720
86044
86766
84828
1154
38405
43475
71681
88945
51441
28568
90699
68871
83684
24586
54075
27365
26842
38397
34752
77838
38676
75248
50975
57520
73943
62880
97139
97763
62036
67224
91139
55120
8361
93642
53031
19019
22428
32867
81556
7720
73855
94847
83770
9786
98410
42673
54995
13428
98796
76979
54303
46822
18522
55776
16283
77627
49975
16610
7212
48358
59667
5542
48676
13393
73417
67896
36351
76974
20907
48254
77260
23063
63189
79230
96117
84165
57650
85835
72885
92817
4649
16276
70604
41634
92002
16639
6641
4309
52495
6089
90956
9465
39303
60600
61727
45755
1898
77157
9458
33567
20381
55561
50435
72792
21011
62310
26169
13627
52225
88403
74921
96832
90447
34543
98903
42070
15512
22804
24189
17648
11657
31295
75211
91500
63155
51714
47828
59596
4062
67207
1596
68206
84232
27538
10769
64869
20151
86069
15856
47940
25282
56227
39089
58614
70870
87418
92212
63750
59288
82167
82405
85949
45460
15490
95816
35515
88568
93822
3199
50945
16306
7767
43410
41044
56619
80452
71285
93497
499
42486
84245
1399
49416
64885
56804
62844
64197
91801
65749
77720
74702
48556
76879
1358
5467
90669
12106
37275
29624
91391
39190
80058
41172
53393
41782
71025
47348
72767
26926
91645
81970
26218
90174
72918
53542
42576
18373
20285
18601
50482
43387
38206
18682
63011
38945
16665
64152
77049
96232
59581
85928
77559
3434
91350
36023
98555
91665
27192
43759
27626
72418
52662
20272
54749
46734
68143
6950
62209
86637
23082
94202
14932
47469
1886
92862
47561
26904
9213
48744
43018
46739
56366
68330
59548
69229
24246
89161
57369
96063
19045
52597
21025
40521
82321
47119
92691
79390
40825
62368
77569
28498
29106
2510
29266
75822
89425
91568
71755
1008
83473
20584
662
49670
9926
91675
32386
45545
76656
77245
91902
13418
9745
4994
1663
90976
12576
2789
73714
65237
83138
20304
99863
56509
8501
65594
52532
87841
72739
85999
15402
90753
97182
63077
99848
1166
40280
78963
58878
78890
87562
98169
18993
97649
48329
73878
56039
75598
617
29457
85239
58607
91926
68639
21509
88416
75217
33954
23288
25099
2014
5312
14405
35605
79773
18429
14331
65063
24227
65291
72240
69058
51183
97360
96926
14799
89128
27514
49458
85180
66358
41574
75485
53288
50493
85795
38213
2152
61672
93063
27770
3881
49249
19779
9026
77044
11536
88344
88377
99791
6573
92544
96371
15848
15246
30305
26596
28183
99361
70976
80605
72170
39602
66256
3282
10258
95193
38920
1311
69089
5295
88539
83508
40653
84555
65401
92771
21757
94951
21603
39689
29303
37080
53703
7981
61891
921
34628
41733
46694
39482
3974
55369
58289
98350
49199
25302
56034
75671
75850
12802
59867
71206
74788
29057
16085
6697
9907
91874
19355
43507
40695
66198
88136
45255
86960
50579
14688
55710
8798
28354
8189
84966
96773
7923
12456
29958
35965
40814
34036
42388
62200
39981
36217
87654
13562
33467
88983
84330
54560
93104
71034
83082
27474
9100
3128
57876
5794
19907
1059
89804
43969
11930
72332
73821
16436
30598
87313
42016
73435
80868
82311
32302
15030
18728
38290
23912
42317
50571
57834
96024
79712
35500
93462
64253
49213
57342
75271
55761
22055
18787
30671
43723
98792
64023
55986
668
26145
64888
3823
30076
29170
29295
32921
32954
42283
43389
53360
56893
67521
76131
78014
62034
80114
35411
38140
93142
61597
266
3181
6762
82771
67887
36403
58669
5808
89725
1983
24682
91399
65585
40729
97337
44718
51294
93999
58732
18915
49533
3335
27632
56375
63665
29524
66556
66919
950
1176
85477
71737
98320
49756
50443
6044
49227
11569
29356
22696
7611
94348
55953
32912
63611
49423
82145
54167
63248
51846
62583
25537
29196
66893
43239
16692
34409
2044
72639
63354
19732
95046
36334
54355
37106
19943
40148
37708
29482
67194
76058
29291
25725
15474
99923
52034
20122
53207
41094
72883
98209
42738
87975
50721
5558
29376
81477
44303
77077
16496
59180
78427
2417
97190
71043
33678
33415
84626
57274
80583
69559
4244
98404
42420
15057
55749
19184
4553
12326
14858
73505
29810
47398
49384
49558
71459
61315
74716
2428
75947
80010
94201
29788
99409
82554
63429
10909
42669
60087
23877
21091
46339
23909
36822
17353
43129
93610
2131
25238
84182
46045
2078
66049
52737
3080
40113
59169
20398
66718
13138
9233
28539
45279
32134
48831
48633
26589
50575
9021
63801
54428
1255
94141
71735
18115
27260
85712
38265
63242
67092
67505
63681
81575
49088
83052
39009
71734
4630
85417
13120
34233
18387
36789
18631
86554
15155
21838
3000
27241
45401
663
37872
61955
1296
63315
14250
66500
44255
23692
86092
98432
64684
38735
69602
54819
86795
57704
9101
32461
43928
60168
85155
7193
73386
80441
85642
41692
85760
52407
42411
28585
8360
93836
7400
13596
92778
17677
28449
67967
49006
40705
51494
41616
51082
57389
66648
80026
85605
92833
34661
3139
38754
15686
77298
29911
26985
88824
16243
67150
43835
73373
54204
80723
48524
87093
95326
11619
74363
50150
6129
59546
77271
14678
60770
17504
89579
41261
45959
7883
68905
77246
51223
83688
95759
85773
50040
52863
25626
62043
66277
57941
74068
16260
18652
41065
33504
42324
81713
87223
94356
21548
74130
40839
68581
96012
72089
94933
82778
34419
15966
28456
37866
35227
7728
23505
22933
37642
30342
70765
44547
75541
51662
64196
88692
99301
16384
26911
29540
33330
75181
30433
35217
94517
44254
75131
40037
73057
11732
77819
34132
31994
96623
5795
58584
25976
38996
67338
83117
56905
6886
40923
64850
90426
80081
43622
7327
55234
13193
95197
48265
21626
84577
86717
18301
74040
25303
22174
63398
38978
69627
7207
34499
86327
56775
56518
86440
87442
96258
97579
565
6301
24675
38714
11199
32076
77494
30093
72103
37221
34728
60539
34484
44859
67618
84705
81389
86432
65466
74573
75385
33480
4825
96280
47437
73126
1049
18078
42355
23674
47462
39526
72135
82239
76160
81344
54386
28098
42924
53237
31902
150
10235
4735
26995
26308
32975
34290
70980
35851
94576
45548
52109
70995
16556
64216
84491
34203
18572
66929
77369
59909
1770
90617
79936
53467
25691
40958
55069
55094
69765
61100
69705
83202
54515
31609
77961
75661
81568
75757
60352
24528
77669
46039
30181
7465
38112
57424
57499
20222
69941
88464
38731
10274
63150
75609
45654
7885
70665
32164
58794
80537
92616
9421
23398
9155
41745
11609
14696
96837
72595
53456
28362
30132
33686
72783
36232
40117
60670
51518
99128
18200
68765
74870
77746
82253
44728
28307
31580
88870
34750
63426
82067
79968
29261
86622
22047
39573
13147
50298
41933
36974
81293
59490
11976
51497
94206
15932
55202
68978
1054
72118
79586
9263
38882
10608
2305
21119
28478
88825
36317
62436
38180
44985
64772
66678
75720
20912
95570
65590
22078
87750
89265
29108
33455
55173
41599
10527
60500
31375
94652
83724
51490
60775
84752
79239
12589
60191
55830
96290
53926
19141
43561
82483
90465
65690
39665
48814
4620
54393
3052
12277
54320
96969
43745
29584
97122
48058
30369
61877
71817
61753
8094
16245
1632
64230
9057
52472
12661
80158
18536
58743
18950
11438
23271
24898
28141
41988
32072
59498
97634
77792
32821
73220
83692
37409
88515
79596
11520
49714
18676
82830
29072
2776
43746
71972
68085
36794
76382
44501
38493
99353
46025
95853
57994
25420
13192
74073
88833
92432
21961
59332
57553
80536
91538
1897
60114
12521
19021
21602
76237
33263
29085
69821
78237
92628
44351
51807
50616
92299
4266
77024
11804
20956
59111
25594
23560
3467
42658
62359
47645
18218
72327
24753
65739
80404
15617
78450
32024
56697
9503
58227
8508
62337
28062
83718
84994
96506
25446
21605
48818
3986
56740
61190
43170
25204
14085
71726
24376
32433
86155
43891
33927
44076
15032
90288
58807
9866
59469
6292
26728
42086
2074
63760
72217
72714
31335
48853
34335
63217
71146
14392
96977
24943
15924
11405
17271
13290
36178
39053
97930
30451
65720
8785
81557
98769
30042
99004
53849
98015
4195
13542
53737
53117
81594
61808
27284
70166
7242
38354
29572
18425
36559
26153
78373
7388
98495
57767
92504
32194
34460
67111
37078
33834
6029
63202
41556
91308
11660
39483
68556
26103
45306
83258
4721
27497
52496
17557
23007
46449
6013
5693
52464
58404
8353
10195
33818
66980
18299
20504
26046
37317
35193
57759
97081
67376
71527
98920
80606
80969
82108
96473
19571
88896
73735
20476
33054
10088
27965
68488
36152
64131
57422
82931
82065
90845
54542
28898
54777
28974
27928
6122
31083
59487
31465
68782
39287
61081
39505
70816
16930
32685
99402
25935
21868
77811
89879
35339
92396
33344
6577
11292
6770
9879
28357
16745
98378
28480
41272
51757
38939
31269
55985
68910
76637
76712
24900
97631
99206
51224
53415
14976
42560
84351
31617
36239
34784
42630
57725
80402
46261
61440
9650
84638
13615
96120
19629
90154
27043
73990
32774
46030
76509
87725
37310
2
94318
4900
37373
37490
1903
73109
58516
76609
38519
71127
11224
82658
94475
92703
99689
51627
14853
24655
24596
34476
47797
53598
60091
62957
69410
77386
72426
76281
74774
39098
94321
57874
38287
66802
97438
73095
5739
41195
16697
65270
59216
52580
26484
46767
47316
62500
11281
73177
865
46663
48748
68495
85735
12562
37817
81764
46875
8783
98301
14782
20250
57825
68008
55279
62961
63809
64493
80880
10275
65117
88653
91998
50919
22551
9877
4100
43998
58438
51588
11299
88439
56196
74391
20680
95189
25913
81315
59625
4892
74319
47656
97646
12604
58451
18208
88828
35095
68944
88570
78562
58122
28987
83283
89286
60685
93438
73783
84700
83301
87403
92813
34258
51347
37549
17819
7547
39084
55578
22474
9328
20349
3791
58770
38914
64096
98145
87572
7990
89721
26450
2886
44707
71021
36168
47104
77579
26565
39517
91614
51698
21583
1998
65364
595
21313
21773
10302
71796
31426
88365
43521
28924
99024
24544
43263
76686
68515
32307
28696
1868
76747
51126
36927
50544
75311
2032
2219
66547
89296
45037
44986
40716
52813
15493
3892
43726
30404
475
7002
18616
2303
64893
66780
