189
64
421
938
179
209
210
758
136
350
327
916
739
358
8
787
765
185
530
896
495
544
812
508
404
429
776
851
820
811
885
816
665
594
87
289
541
607
378
0
699
455
134
997
591
191
415
606
447
96
553
680
750
611
21
701
521
290
309
982
20
779
855
528
143
331
773
843
424
342
988
805
897
688
444
303
498
716
809
365
250
823
641
859
401
137
269
322
524
333
410
726
540
245
19
762
216
54
886
307
905
246
296
702
613
932
522
952
616
672
567
737
352
201
200
75
756
946
305
573
482
159
120
793
59
651
354
584
121
924
123
797
355
818
862
127
398
291
537
12
377
909
546
837
232
379
919
548
67
683
237
243
710
995
603
717
218
846
713
112
985
48
568
363
427
381
970
734
939
920
501
163
41
239
282
945
928
10
316
977
443
169
720
880
929
335
36
593
437
311
370
760
835
572
139
231
791
323
996
590
89
543
719
425
531
666
34
640
668
196
592
24
397
738
184
686
359
967
742
638
448
512
653
483
639
108
380
409
347
317
848
47
960
259
951
948
992
110
941
642
193
197
744
450
167
279
868
558
479
2
615
953
586
854
228
870
351
6
156
408
73
23
104
361
694
472
481
148
549
391
356
619
815
234
63
346
86
308
258
753
274
235
366
890
962
244
627
1
101
399
205
542
580
605
277
456
226
39
785
649
138
551
504
949
469
505
516
81
795
511
873
576
703
458
273
660
386
803
348
83
219
525
802
203
635
171
861
654
99
100
927
821
675
957
340
385
428
695
477
295
194
69
467
233
35
106
470
808
754
431
725
186
406
918
214
707
190
569
376
786
4
157
866
684
373
490
266
574
489
188
617
150
872
814
670
687
240
513
648
693
538
299
624
741
984
690
414
176
46
602
936
943
221
964
933
937
321
129
476
412
68
980
800
801
631
206
454
560
506
402
116
31
42
5
441
876
736
696
260
827
559
853
850
930
449
535
286
270
198
390
838
457
583
825
609
781
325
207
771
552
217
497
950
704
784
864
264
545
383
673
743
842
257
77
131
172
170
509
958
13
794
500
981
986
473
241
52
658
829
230
539
625
330
577
709
181
585
806
669
917
520
122
49
879
582
926
50
336
453
238
174
283
202
155
80
433
561
527
597
712
74
595
878
789
874
679
107
153
468
849
56
711
422
388
783
371
478
152
28
867
151
599
646
384
856
493
222
85
973
747
253
901
103
30
29
671
486
140
413
315
578
579
242
947
931
411
956
382
834
942
485
598
440
38
175
173
749
759
841
319
263
463
105
676
126
58
657
863
364
375
529
491
581
831
731
65
523
72
135
416
320
515
182
45
71
722
339
430
318
894
974
494
810
272
310
389
97
94
798
557
900
678
302
338
636
869
268
461
393
281
907
420
119
165
313
782
124
368
777
22
301
98
536
271
